83.48936170212765
94.46575342465754
105.62711864406779
97.04424778761062
87.53363228699551
66.95100864553314
43.55555555555556
28.516896595367676
17.49957125707426
10.516310037268122
77.2
95.94285714285714
110.83185840707965
109.3265306122449
94.51597051597052
64.97407407407407
43.19832402234637
27.286696121747667
17.52932595357618
10.5670990829792
77.41666666666667
92.52631578947368
106.51327433628319
116.51063829787235
85.69127516778524
63.69174977334542
44.235210263720596
27.941316614420064
17.091730455515123
10.49288661957054
